0.969898  0.731089
1.127142  1.293835
1.025786  1.534267
0.704326  1.369883
0.249027  0.811709
-0.238260  -0.000111
-0.662899  -0.793479
-0.946031  -1.316576
-1.029971  -1.469566
-0.889129  -1.289727
-0.544210  -0.861480
-0.068820  -0.268629
0.422936  0.393801
0.808502  1.013363
0.995149  1.450494
0.946083  1.569172
0.683025  1.287184
0.269701  0.638529
-0.206964  -0.191895
-0.647815  -0.938896
-0.950786  -1.388343
-1.027915  -1.452304
-0.831812  -1.153993
-0.385348  -0.607834
0.204004  0.023202
0.766603  0.574749
1.127261  0.926420
1.168263  1.064940
0.871682  1.152219
0.325416  1.157524
-0.310050  0.812858
-0.858537  0.093161
-1.183749  -0.736558
-1.223710  -1.365927
-0.991645  -1.615942
-0.548875  -1.467097
0.021537  -0.991537
0.621168  -0.291395
1.135645  0.488334
1.446458  1.147383
1.457915  1.482245
1.130557  1.372036
0.506102  0.843919
-0.289244  0.104964
-1.065925  -0.564789
-1.616772  -0.968021
-1.782029  -1.067469
-1.507157  -0.945629
-0.863798  -0.685460
-0.029260  -0.302963
0.766699  0.201339
1.315577  0.752119
1.496139  1.185697
1.302921  1.333257
0.832480  1.116493
0.240724  0.571686
-0.310267  -0.149645
-0.695837  -0.823988
-0.853337  -1.264673
-0.788124  -1.382474
-0.557927  -1.172318
-0.241473  -0.688323
0.086533  -0.033027
0.363272  0.658460
0.538074  1.217165
0.573938  1.478129
0.453620  1.356541
0.190227  0.850720
-0.166703  0.059364
-0.536110  -0.766973
-0.816687  -1.350917
-0.906300  -1.547393
-0.736721  -1.371344
-0.311351  -0.927477
0.279786  -0.327754
0.879394  0.329497
1.309979  0.948841
1.431423  1.406326
1.186157  1.569622
0.616624  1.347772
-0.145761  0.749551
-0.914121  -0.060991
-1.492691  -0.821128
-1.725702  -1.314790
-1.541732  -1.449432
-0.982478  -1.238342
-0.196264  -0.752283
0.609694  -0.121701
1.237397  0.490043
1.556307  0.933993
1.529127  1.140286
1.199025  1.190182
0.655911  1.114519
0.008186  0.763504
-0.630445  0.114628
-1.146041  -0.634686
-1.432714  -1.230422
-1.413447  -1.501187
-1.069533  -1.391997
-0.460768  -0.943174
0.276155  -0.253410
0.953204  0.524966
1.380683  1.184311
1.430255  1.510007
1.085227  1.381358
0.453938  0.823145
-0.264588  0.023269
-0.854652  -0.722977
-1.161763  -1.177562
-1.132153  -1.265456
-0.806198  -1.064084
-0.290506  -0.700530
0.271771  -0.248574
0.731216  0.273990
0.966340  0.811036
0.918181  1.227669
0.611565  1.378858
0.146288  1.176566
-0.342406  0.633191
-0.731501  -0.103307
-0.939773  -0.795862
-0.931366  -1.253175
-0.705770  -1.392421
-0.293221  -1.220081
0.236760  -0.785905
0.768718  -0.171479
1.160619  0.517512
1.290493  1.131132
1.102729  1.500592
0.628456  1.511760
-0.022961  1.125259
-0.693453  0.386918
-1.218776  -0.501364
-1.472009  -1.241814
-1.393890  -1.613670
-1.002398  -1.558128
-0.383286  -1.149326
0.329870  -0.521089
0.979167  0.191274
1.411836  0.870200
1.517757  1.386197
1.262896  1.596030
0.703257  1.390691
-0.022942  0.778420
-0.723896  -0.051077
-1.207738  -0.813697
-1.349515  -1.292163
-1.136536  -1.415312
-0.664611  -1.232642
-0.090608  -0.832010
0.430162  -0.274143
0.789918  0.363298
0.940734  0.972562
0.882346  1.420147
0.645409  1.549188
0.278805  1.250726
-0.155860  0.572674
-0.578921  -0.275298
-0.888799  -1.026784
-0.982175  -1.478731
-0.798347  -1.543939
-0.360716  -1.223374
0.214553  -0.610303
0.756307  0.119770
1.105011  0.763149
1.166205  1.201523
0.927264  1.454197
0.449789  1.466044
-0.149684  1.090467
-0.731148  0.336674
-1.165124  -0.556946
-1.354853  -1.278840
-1.248658  -1.626660
-0.849259  -1.556467
-0.219678  -1.142129
0.515587  -0.506449
1.182466  0.219630
1.597095  0.887393
1.627595  1.343520
1.246456  1.475228
0.546453  1.235293
-0.287777  0.656996
-1.042802  -0.085714
-1.543659  -0.744422
-1.691568  -1.141185
-1.468036  -1.232431
-0.926175  -1.067675
-0.181235  -0.709959
0.604715  -0.209546
1.251146  0.370469
1.601887  0.919365
1.571907  1.292167
1.175587  1.357816
0.522242  1.048347
-0.215189  0.413931
-0.847508  -0.352656
-1.223327  -0.998630
-1.271503  -1.339248
-1.014437  -1.320713
-0.552459  -0.995760
-0.027708  -0.475496
0.423492  0.131503
0.709922  0.728932
0.796871  1.203316
0.694448  1.414979
0.442154  1.258689
0.100460  0.726213
-0.250895  -0.031322
-0.518705  -0.753380
-0.621150  -1.222806
-0.524536  -1.354041
-0.261784  -1.190764
0.082002  -0.837467
0.403691  -0.367021
0.617525  0.196492
0.676601  0.791205
0.572113  1.264696
0.321616  1.449464
-0.036129  1.260058
-0.439792  0.718202
-0.807171  -0.031837
-1.044618  -0.762454
-1.067199  -1.268034
-0.826717  -1.440133
-0.335833  -1.254931
0.319813  -0.751397
0.986929  -0.066456
1.477845  0.594738
1.630300  1.047131
1.369326  1.210560
0.742409  1.171950
-0.089934  1.044534
-0.908040  0.713714
-1.504240  0.105259
-1.735966  -0.625249
-1.551778  -1.225739
-1.000581  -1.506766
-0.224826  -1.399830
0.570359  -0.949887
1.174249  -0.273438
1.440897  0.476916
1.339194  1.125709
0.949954  1.489452
0.415523  1.423738
-0.121374  0.900250
-0.558919  0.091681
-0.845309  -0.688210
-0.961820  -1.183287
-0.904161  -1.308581
-0.679870  -1.139194
-0.315996  -0.793723
0.131492  -0.323184
0.571138  0.264210
0.887088  0.881734
0.974898  1.352688
0.782958  1.501050
0.339755  1.221921
-0.240151  0.553822
-0.781440  -0.280934
-1.104900  -0.991589
-1.090636  -1.380339
-0.722691  -1.400610
-0.102826  -1.105182
0.579376  -0.580126
1.115489  0.071895
1.350504  0.732519
1.227304  1.288880
0.795202  1.589652
0.180467  1.481814
-0.466554  0.928111
-1.012088  0.074761
-1.352932  -0.790409
-1.422132  -1.395410
-1.199101  -1.603566
-0.720403  -1.436054
-0.083333  -1.001350
0.571339  -0.401167
1.100834  0.280156
1.400994  0.927372
1.422606  1.375874
1.170182  1.486254
0.696202  1.207315
0.090612  0.598446
-0.533514  -0.160548
-1.054366  -0.833930
-1.359478  -1.246554
-1.370676  -1.336591
-1.070838  -1.127030
-0.522891  -0.671453
0.133628  -0.054826
0.720283  0.582805
1.079830  1.094494
1.128561  1.374809
0.881089  1.352941
0.442255  0.995803
-0.035750  0.360138
-0.417400  -0.382038
-0.631624  -1.012729
-0.673299  -1.355274
-0.569309  -1.331901
-0.348604  -0.981209
-0.042454  -0.432878
0.296059  0.151368
0.585389  0.630958
0.737104  0.962149
0.688898  1.239020
0.426946  1.359518
-0.004264  1.073082
-0.501143  0.350645
-0.919276  -0.544842
-1.117431  -1.270683
-1.010775  -1.607300
-0.606043  -1.522303
-0.003266  -1.113827
0.635046  -0.506453
1.135798  0.193471
1.368912  0.864030
1.280687  1.352252
0.896281  1.513734
0.300438  1.264087
-0.385200  0.652122
-1.018615  -0.111913
-1.454282  -0.767355
-1.572737  -1.143226
-1.320953  -1.201740
-0.742153  -0.993727
0.026919  -0.595520
0.795071  -0.067806
1.374665  0.511477
1.631098  1.022729
1.508902  1.318464
1.040454  1.277898
0.341466  0.876236
-0.415698  0.217366
-1.049891  -0.497076
-1.419582  -1.055870
-1.452175  -1.324323
-1.150655  -1.275066
-0.587436  -0.957673
0.104732  -0.442951
0.752390  0.180880
1.185253  0.785689
1.291713  1.206397
1.054332  1.314056
0.552058  1.063905
-0.064855  0.501235
-0.621212  -0.203231
-0.971796  -0.807322
-1.041660  -1.141569
-0.837023  -1.171451
-0.429521  -0.968098
0.071895  -0.615160
0.544707  -0.154012
0.869917  0.371670
0.956638  0.868331
0.776047  1.213373
0.380056  1.294230
-0.116018  1.049208
-0.576079  0.509096
-0.884631  -0.177835
-0.972665  -0.806720
-0.828319  -1.202884
-0.493759  -1.268848
-0.048585  -1.003233
0.414407  -0.508367
0.809074  0.063483
1.062573  0.557614
1.115139  0.858950
0.929366  0.941166
0.511752  0.943504
-0.070888  0.937706
-0.695093  0.696897
-1.204908  0.119289
-1.451872  -0.609683
-1.343693  -1.202533
-0.885104  -1.463882
-0.188033  -1.345667
0.561698  -0.903090
1.167267  -0.238031
1.479959  0.504120
1.432361  1.129149
1.046433  1.439881
0.422544  1.308487
-0.286840  0.761712
-0.911751  0.013875
-1.301387  -0.658122
-1.360537  -1.061210
-1.079770  -1.151266
-0.546862  -0.988102
0.075067  -0.645956
0.606704  -0.155454
0.923063  0.439486
0.989991  1.009788
0.848235  1.369875
0.570681  1.364970
0.227230  0.961586
-0.127770  0.270877
-0.448788  -0.495489
-0.687791  -1.109731
-0.793555  -1.421287
-0.724181  -1.389138
-0.466879  -1.043484
-0.058445  -0.448842
0.406221  0.285603
0.792308  0.987925
0.968622  1.453827
0.857379  1.541649
0.469147  1.210247
-0.092708  0.522230
-0.664033  -0.323430
-1.074592  -1.041054
-1.198864  -1.421881
-0.988278  -1.418897
-0.484887  -1.114516
0.186163  -0.628542
0.847703  -0.051177
1.316478  0.535846
1.454262  1.028960
1.214003  1.322678
0.658098  1.325635
-0.066672  0.987260
-0.779747  0.365844
-1.313636  -0.352577
-1.546316  -0.945147
-1.421851  -1.263683
-0.964236  -1.259382
-0.283565  -0.965846
0.443231  -0.466568
1.029781  0.126507
1.347269  0.688052
1.355590  1.121167
1.091402  1.336214
0.638464  1.226502
0.098159  0.760103
-0.431903  0.057698
-0.865124  -0.654166
-1.125609  -1.155033
-1.154310  -1.320102
-0.925421  -1.145811
-0.468071  -0.723153
0.119883  -0.177963
0.686869  0.367262
1.072615  0.845881
1.157302  1.201686
0.898615  1.296514
0.356425  1.014145
-0.309585  0.411595
-0.886302  -0.304488
-1.183663  -0.904023
-1.105946  -1.229747
-0.685355  -1.242391
-0.061261  -1.001897
0.579149  -0.590410
1.061443  -0.063063
1.265720  0.511334
1.150138  1.002835
0.753393  1.266415
0.175998  1.216754
-0.447287  0.860328
-0.977056  0.280638
-1.301566  -0.373096
-1.361746  -0.917873
-1.156024  -1.216153
-0.728398  -1.219251
-0.152616  -0.945634
0.478350  -0.454558
1.055774  0.152493
1.462748  0.741333
1.599142  1.180403
1.414577  1.368953
0.927145  1.243000
0.223342  0.788559
-0.554263  0.092406
-1.233268  -0.640862
-1.651287  -1.179428
-1.699561  -1.383025
-1.358680  -1.243548
-0.711219  -0.845917
0.079881  -0.304796
0.817490  0.275789
1.322026  0.805716
1.478128  1.192799
1.264878  1.314527
0.757487  1.060618
0.102969  0.460067
-0.519965  -0.268212
-0.949816  -0.863121
-1.086504  -1.166948
-0.913734  -1.173951
-0.497346  -0.976799
0.032420  -0.638341
0.513546  -0.152115
0.799929  0.460928
0.811507  1.064949
0.563071  1.448635
0.152761  1.433960
-0.284255  0.974619
-0.625344  0.209800
-0.786952  -0.593332
-0.732666  -1.182838
-0.478340  -1.417052
-0.091377  -1.263387
0.327517  -0.789928
0.676182  -0.151346
0.879152  0.462101
0.899331  0.885776
0.734533  1.036287
0.410826  0.941321
-0.019227  0.741155
-0.479771  0.596203
-0.884204  0.404109
-1.150750  0.001842
-1.212668  -0.549237
-1.027788  -1.046559
-0.593149  -1.307618
0.039453  -1.222912
0.754626  -0.783036
1.381833  -0.104765
1.733301  0.589817
1.667413  1.070611
1.152807  1.190312
0.302314  0.914432
-0.649596  0.345284
-1.428692  -0.299264
-1.821966  -0.801710
-1.743049  -1.043879
-1.242514  -1.001287
-0.477772  -0.696485
0.338905  -0.184629
0.999887  0.418960
1.356385  0.961393
1.355312  1.301738
1.044747  1.342048
0.543260  1.036072
-0.007287  0.431322
-0.479308  -0.309670
-0.781550  -0.961140
-0.871502  -1.337345
-0.757102  -1.360935
-0.486624  -1.067502
-0.133526  -0.562769
0.219119  0.033385
0.496131  0.612507
0.647091  1.078322
0.653616  1.320683
0.522196  1.234011
0.270377  0.784660
-0.077161  0.081577
-0.474112  -0.638081
-0.834472  -1.130541
-1.039283  -1.277647
-0.978811  -1.116340
-0.608190  -0.778413
0.017091  -0.370766
0.743742  0.082782
1.359828  0.567034
1.659123  0.996987
1.512365  1.230757
0.920907  1.151852
0.028559  0.746702
-0.920281  0.136192
-1.661749  -0.480444
-1.994920  -0.924807
-1.833475  -1.107784
-1.220727  -1.026071
-0.313575  -0.710948
0.661262  -0.225033
1.467860  0.303777
1.919208  0.730119
1.919375  0.953659
1.483341  0.973463
0.729085  0.872348
-0.156331  0.664883
-0.964753  0.280930
-1.515524  -0.257956
-1.694429  -0.801711
-1.477068  -1.174871
-0.935175  -1.259686
-0.221189  -1.023795
0.475556  -0.520784
0.989056  0.131917
1.222158  0.769216
1.158525  1.204592
0.848490  1.304303
0.384254  1.017478
-0.124870  0.395988
-0.571459  -0.362012
-0.863363  -0.990300
-0.934576  -1.303144
-0.757198  -1.264592
-0.358197  -0.940280
0.167351  -0.423083
0.669186  0.192444
0.988367  0.801315
1.013680  1.288447
0.719398  1.517237
0.173137  1.369415
-0.483978  0.826500
-1.074867  0.036512
-1.430115  -0.741596
-1.430897  -1.273878
-1.043627  -1.451620
-0.335302  -1.295480
0.534979  -0.884239
1.348158  -0.305090
1.882528  0.346217
1.984518  0.986804
1.619982  1.487498
0.879275  1.647348
-0.058935  1.337554
-0.980565  0.587399
-1.686580  -0.373551
-2.034052  -1.204424
-1.964729  -1.649226
-1.513885  -1.646529
-0.792360  -1.298168
0.050535  -0.738597
0.861211  -0.051699
1.500370  0.675338
1.853908  1.290500
1.847896  1.609079
1.469024  1.492698
0.782772  0.934230
-0.065668  0.129183
-0.880929  -0.626757
-1.471424  -1.111760
-1.703781  -1.264786
-1.536276  -1.153115
-1.023575  -0.857080
-0.297508  -0.402854
0.464344  0.174102
1.074910  0.772596
1.380493  1.253759
1.305090  1.460307
0.876064  1.276183
0.216966  0.716830
-0.486428  -0.062823
-1.034457  -0.825107
-1.267286  -1.350890
-1.112250  -1.507487
-0.610448  -1.265174
0.089511  -0.707098
0.776535  -0.008414
1.248367  0.633010
1.376109  1.087923
1.133797  1.379770
0.590297  1.463587
-0.121274  1.149418
-0.837733  0.394730
-1.392901  -0.558204
-1.643432  -1.353107
-1.503022  -1.737690
-0.976762  -1.655117
-0.174943  -1.189353
0.706602  -0.483630
1.438666  0.302874
1.828508  1.015592
1.779476  1.514437
1.315226  1.671217
0.562793  1.408045
-0.293231  0.769351
-1.063659  -0.054283
-1.593512  -0.803776
-1.781086  -1.280880
-1.588683  -1.408941
-1.052708  -1.220582
-0.286005  -0.794226
0.538177  -0.214111
1.223500  0.426488
1.602094  1.017945
1.583617  1.401953
1.182759  1.429377
0.515340  1.057096
-0.235236  0.374498
-0.870932  -0.421790
-1.233907  -1.088616
-1.245325  -1.440051
-0.920554  -1.417071
-0.361867  -1.070087
0.269778  -0.498572
0.798867  0.178359
1.081728  0.826862
1.041341  1.295016
0.685246  1.448402
0.105499  1.212183
-0.540468  0.626695
-1.066610  -0.123556
-1.308201  -0.782807
-1.175056  -1.154902
-0.688626  -1.189489
0.016824  -0.970469
0.734280  -0.628873
1.255017  -0.249843
1.444750  0.158721
1.285451  0.591868
0.858508  0.979496
0.288225  1.197415
-0.310303  1.132134
-0.849956  0.751538
-1.259364  0.135336
-1.465787  -0.532934
-1.400976  -1.054335
-1.033876  -1.305235
-0.406021  -1.245625
0.359702  -0.887260
1.086672  -0.302476
1.594219  0.374432
1.747153  0.977853
1.492097  1.374875
0.876840  1.477731
0.047689  1.220958
-0.784244  0.596891
-1.405923  -0.255530
-1.667722  -1.059465
-1.519384  -1.553006
-1.011667  -1.621277
-0.278425  -1.291207
0.493564  -0.681427
1.107103  0.037807
1.405179  0.705963
1.318861  1.248543
0.893044  1.605694
0.271089  1.614159
-0.359275  1.154017
-0.833030  0.322025
-1.055780  -0.590499
-1.012560  -1.283747
-0.745908  -1.595580
-0.331710  -1.528648
0.134476  -1.173631
0.551836  -0.604054
0.834490  0.131406
0.927911  0.919612
0.815539  1.535001
0.516481  1.755013
0.079617  1.485345
-0.416390  0.775766
-0.860732  -0.173216
-1.127093  -1.049288
-1.114799  -1.591151
-0.790306  -1.699427
-0.207426  -1.404729
0.497415  -0.787418
1.135494  0.032125
1.517677  0.884489
1.511351  1.576143
1.084949  1.903273
0.327816  1.719971
-0.565768  1.033362
-1.349768  0.041344
-1.801151  -0.916050
-1.791082  -1.536710
-1.324717  -1.698019
-0.531895  -1.464083
0.380907  -0.984904
1.190129  -0.391230
1.709011  0.244931
1.827848  0.854845
1.532702  1.319789
0.901829  1.500235
0.084407  1.295329
-0.735451  0.713039
-1.380100  -0.067548
-1.712379  -0.776156
-1.660462  -1.215489
-1.234534  -1.346579
-0.528879  -1.219266
0.292994  -0.860101
1.029348  -0.293690
1.492011  0.396176
1.568942  1.045405
1.262086  1.470882
0.676398  1.533297
-0.025940  1.173458
-0.676687  0.459217
-1.138706  -0.390775
-1.323430  -1.093755
-1.196895  -1.443410
-0.785957  -1.373835
-0.180334  -0.956176
0.481419  -0.354525
1.039530  0.247682
1.346818  0.705120
1.308552  0.943098
0.917929  0.985975
0.264919  0.980361
-0.486745  0.922364
-1.140097  0.602851
-1.512751  -0.003030
-1.487806  -0.690369
-1.056315  -1.218899
-0.331289  -1.447883
0.483598  -1.349588
1.164797  -0.953556
1.543263  -0.310727
1.544420  0.458888
1.187177  1.131741
0.561995  1.479276
-0.193261  1.394324
-0.915542  0.915027
-1.442217  0.175029
-1.644015  -0.594845
-1.460309  -1.156970
-0.924504  -1.376187
-0.165963  -1.238357
0.621512  -0.780767
1.240225  -0.106258
1.550659  0.593229
1.503139  1.131589
1.133104  1.434418
0.538132  1.489615
-0.147534  1.224635
-0.778019  0.607960
-1.221532  -0.227148
-1.384569  -1.019936
-1.230295  -1.532000
-0.789268  -1.651826
-0.161053  -1.391089
0.499427  -0.841172
1.016010  -0.128940
1.241392  0.613757
1.108404  1.231863
0.660545  1.564760
0.042938  1.483592
-0.547156  0.929499
-0.931993  0.078367
-1.018016  -0.732251
-0.820766  -1.224056
-0.435096  -1.300779
0.023378  -1.061235
0.458310  -0.743955
0.795307  -0.462360
0.971591  -0.086440
0.941259  0.479084
0.693872  1.095964
0.266235  1.503824
-0.261280  1.480566
-0.779636  0.964618
-1.172120  0.138900
-1.337817  -0.675675
-1.214892  -1.219206
-0.800290  -1.383145
-0.159160  -1.170773
0.581413  -0.674360
1.254789  -0.052059
1.691519  0.519051
1.763909  0.891566
1.425024  1.001236
0.729662  0.907999
-0.170772  0.803646
-1.062909  0.694158
-1.726923  0.351656
-1.994093  -0.251521
-1.791018  -0.907690
-1.161407  -1.376142
-0.258269  -1.507030
0.694754  -1.239497
1.463059  -0.608916
1.862930  0.219154
1.806108  0.973052
1.317117  1.397748
0.524439  1.370215
-0.370206  0.905565
-1.140427  0.164954
-1.593324  -0.577569
-1.622206  -1.083793
-1.236538  -1.252610
-0.557696  -1.087421
0.219416  -0.635292
0.885732  0.006992
1.276676  0.665484
1.312403  1.166868
1.012852  1.432965
0.484200  1.421693
-0.121526  1.077837
-0.654614  0.420859
-0.999866  -0.388113
-1.089518  -1.105009
-0.908271  -1.528413
-0.496247  -1.570703
0.051739  -1.251447
0.597125  -0.672034
0.988956  0.028211
1.112917  0.736008
0.933230  1.327090
0.503120  1.620405
-0.056778  1.482158
-0.597411  0.884172
-0.983904  -0.019008
-1.128963  -0.891730
-1.006396  -1.430702
-0.646750  -1.512188
-0.126811  -1.214759
0.441750  -0.747592
0.928640  -0.283551
1.210047  0.172013
1.201920  0.661664
0.892404  1.117243
0.354837  1.366181
-0.272127  1.254389
-0.829243  0.769463
-1.183264  0.082687
-1.257443  -0.561451
-1.042999  -0.985064
-0.597561  -1.132088
-0.032454  -1.031847
0.515630  -0.728266
0.924962  -0.264214
1.122102  0.274226
1.089914  0.771239
0.851439  1.143850
0.449182  1.293238
-0.059168  1.104756
-0.586572  0.569422
-1.008761  -0.163599
-1.191514  -0.866097
-1.050781  -1.338507
-0.607708  -1.475730
0.003336  -1.254582
0.586361  -0.729316
0.966858  -0.016623
1.055808  0.724767
0.862312  1.295134
0.465090  1.519150
-0.025009  1.326397
-0.491896  0.760235
-0.831000  -0.034995
-0.963478  -0.804887
-0.851771  -1.310430
-0.513276  -1.445853
-0.024031  -1.234116
0.493970  -0.762824
0.901595  -0.141584
1.080817  0.498264
0.972122  1.033511
0.598089  1.381393
0.060119  1.465458
-0.495108  1.210929
-0.925355  0.622619
-1.134900  -0.152638
-1.091713  -0.878102
-0.818602  -1.352904
-0.372571  -1.477118
0.169109  -1.251800
0.710671  -0.757604
1.139792  -0.124646
1.344820  0.522503
1.249630  1.094941
0.851762  1.479185
0.238368  1.524425
-0.437189  1.149803
-1.006619  0.405955
-1.336759  -0.499486
-1.360944  -1.261258
-1.089785  -1.647345
-0.601572  -1.595586
-0.015663  -1.183931
0.541148  -0.548143
0.964418  0.178867
1.188264  0.876388
1.183662  1.390963
0.949686  1.572636
0.514042  1.333217
-0.056292  0.718690
-0.648515  -0.055642
-1.116068  -0.720010
-1.315883  -1.095735
-1.162100  -1.153401
-0.670672  -0.985048
0.030696  -0.703988
0.735621  -0.346185
1.224867  0.110731
1.341216  0.637208
1.044331  1.088455
0.425117  1.287622
-0.324446  1.121764
-0.975405  0.610803
-1.336373  -0.091008
-1.309598  -0.759111
-0.911564  -1.208831
-0.259810  -1.348858
0.464430  -1.157014
1.067565  -0.668266
1.396067  0.011937
1.375992  0.726393
1.029052  1.301549
0.459473  1.565439
-0.185002  1.414206
-0.761032  0.843514
-1.164344  -0.011871
-1.340049  -0.870280
-1.274604  -1.455657
-0.984133  -1.634332
-0.509988  -1.417634
0.078789  -0.907862
0.684729  -0.237275
1.190856  0.457280
1.481405  1.061071
1.471007  1.480526
1.134190  1.605074
0.523796  1.340954
-0.231590  0.698567
-0.954175  -0.149386
-1.461532  -0.933231
-1.616272  -1.435877
-1.366407  -1.560904
-0.766172  -1.321636
0.028742  -0.797677
0.796335  -0.109428
1.312844  0.612374
1.429032  1.220204
1.124986  1.556441
0.515330  1.494412
-0.196810  1.006684
-0.792325  0.210724
-1.103871  -0.640724
-1.059204  -1.274708
-0.694001  -1.525905
-0.134376  -1.375244
0.445948  -0.907658
0.880553  -0.255989
1.057967  0.446069
0.946154  1.069474
0.588573  1.460371
0.078972  1.478187
-0.468157  1.076101
-0.936719  0.358398
-1.219304  -0.428272
-1.232380  -1.024840
-0.942569  -1.284495
-0.392489  -1.207776
0.294246  -0.904659
0.941703  -0.509288
1.376910  -0.086669
1.486685  0.362572
1.249808  0.795375
0.733725  1.092721
0.064328  1.136764
-0.611851  0.881981
-1.157389  0.375038
-1.463398  -0.235052
-1.464998  -0.762883
-1.155073  -1.080465
-0.590780  -1.138657
0.113537  -0.935012
0.807969  -0.501240
1.337898  0.076164
1.576011  0.660129
1.451122  1.102877
0.973072  1.290612
0.246147  1.165626
-0.545280  0.736473
-1.186921  0.093017
-1.504668  -0.580914
-1.421683  -1.085668
-0.976715  -1.291512
-0.302508  -1.170119
0.418290  -0.784531
1.001657  -0.257017
1.304689  0.285104
1.256662  0.756414
0.875466  1.112486
0.265830  1.266780
-0.405130  1.102937
-0.953968  0.597195
-1.235173  -0.108122
-1.182061  -0.778885
-0.819463  -1.216415
-0.250161  -1.333365
0.374316  -1.149714
0.892449  -0.741406
1.176815  -0.185659
1.170531  0.448100
0.898062  1.033397
0.443970  1.395442
-0.085868  1.395570
-0.594804  1.001693
-1.003290  0.313829
-1.242243  -0.448871
-1.250672  -1.050829
-0.989295  -1.343836
-0.467884  -1.287142
0.229439  -0.913964
0.943344  -0.328974
1.476802  0.304342
1.662293  0.820582
1.427564  1.137659
0.825373  1.308868
0.014669  1.288477
-0.791824  0.924892
-1.389824  0.231252
-1.638318  -0.574986
-1.494673  -1.223094
-1.019457  -1.534306
-0.348563  -1.471532
0.354211  -1.095899
0.941060  -0.499248
1.305383  0.205521
1.391011  0.860639
1.194753  1.294910
0.764000  1.388418
0.186839  1.085561
-0.422924  0.462844
-0.942262  -0.248299
-1.259176  -0.798032
-1.298914  -1.054667
-1.048788  -1.046261
-0.567543  -0.885549
0.029568  -0.608833
0.604494  -0.179969
1.031114  0.376851
1.217327  0.932294
1.117890  1.308160
0.747178  1.351475
0.187411  0.992404
-0.422244  0.326715
-0.920199  -0.413909
-1.167988  -0.993682
-1.089356  -1.264385
-0.693407  -1.188957
-0.078856  -0.830499
0.584492  -0.311469
1.099439  0.230252
1.301563  0.710176
1.114948  1.122670
0.581085  1.354905
-0.150516  1.198165
-0.866784  0.603703
-1.356777  -0.226499
-1.477955  -0.982515
-1.199736  -1.430446
-0.608520  -1.496068
0.125832  -1.238897
0.807795  -0.757681
1.275955  -0.121043
1.442771  0.589249
1.302968  1.212776
0.914307  1.554640
0.365992  1.483346
-0.245879  0.989015
-0.825253  0.213311
-1.273480  -0.585214
-1.494786  -1.163855
-1.418333  -1.397290
-1.028643  -1.270081
-0.386577  -0.827730
0.374162  -0.192166
1.077618  0.453082
1.552191  0.931585
1.676171  1.142040
1.408766  1.105220
0.801575  0.943465
-0.008805  0.683655
-0.826327  0.249294
-1.439771  -0.330193
-1.680817  -0.893644
-1.478202  -1.256982
-0.883594  -1.308131
-0.057069  -1.024159
0.778128  -0.469445
1.392531  0.213500
1.607884  0.831725
1.350727  1.193460
0.688836  1.190286
-0.175310  0.800488
-0.968607  0.144781
-1.447423  -0.518365
-1.484958  -0.950497
-1.104049  -1.052820
-0.447172  -0.884933
0.289619  -0.587606
0.920238  -0.250165
1.308185  0.131585
1.383830  0.556591
1.147129  0.945865
0.659111  1.167171
0.024589  1.095908
-0.629360  0.695761
-1.173900  0.084550
-1.494803  -0.526081
-1.507427  -0.955226
-1.176296  -1.115456
-0.537732  -1.012741
0.287199  -0.704514
1.105043  -0.260333
1.695430  0.238644
1.880465  0.719267
1.589764  1.107539
0.889387  1.274869
-0.038369  1.093948
-0.952339  0.560387
-1.621471  -0.168094
-1.882372  -0.850667
-1.675236  -1.287063
-1.057419  -1.389111
-0.192058  -1.176400
0.692810  -0.727510
1.368860  -0.130704
1.673724  0.513213
1.552084  1.057017
1.059300  1.346365
0.335647  1.283456
-0.434091  0.868439
-1.065569  0.217035
-1.415784  -0.464117
-1.411320  -0.970663
-1.061331  -1.193790
-0.456848  -1.131724
0.245800  -0.829772
0.861913  -0.344050
1.231933  0.226225
1.272670  0.740034
0.999624  1.096688
0.508103  1.271084
-0.070520  1.209305
-0.607267  0.835658
-0.994082  0.186869
-1.151877  -0.557508
-1.042951  -1.173238
-0.687254  -1.484583
-0.167747  -1.413976
0.386882  -0.992286
0.839426  -0.345420
1.085807  0.360410
1.082074  1.002640
0.847088  1.483543
0.446529  1.645643
-0.030341  1.347739
-0.493124  0.585953
-0.865400  -0.406032
-1.088101  -1.258793
-1.115848  -1.699280
-0.918244  -1.661086
-0.494697  -1.252947
0.101474  -0.636197
0.748626  0.073248
1.273349  0.781680
1.501903  1.358766
1.328155  1.644383
0.767816  1.502124
-0.031593  0.918946
-0.838625  0.093607
-1.421344  -0.670248
-1.621020  -1.151922
-1.389218  -1.293755
-0.793593  -1.166452
-0.001078  -0.869407
0.766346  -0.433266
1.300481  0.140565
1.473860  0.780833
1.273114  1.311152
0.786834  1.517170
0.161019  1.262262
-0.450915  0.590532
-0.921982  -0.263207
-1.167044  -1.001783
-1.149316  -1.421103
-0.883774  -1.456596
-0.435672  -1.149538
0.092624  -0.591237
0.589442  0.110576
0.961562  0.821658
1.141956  1.367456
1.083239  1.567913
0.763102  1.317151
0.211211  0.658156
-0.463947  -0.182800
-1.082062  -0.912136
-1.445657  -1.327019
-1.416087  -1.379894
-0.967541  -1.143689
-0.199878  -0.724380
0.684255  -0.198868
1.430657  0.380139
1.803960  0.928748
1.660749  1.319478
1.006304  1.415422
0.012480  1.145202
-1.024049  0.553249
-1.780519  -0.189329
-2.025489  -0.861923
-1.698282  -1.289044
-0.914135  -1.384360
0.092303  -1.137631
1.043351  -0.614299
1.690534  0.037224
1.880447  0.645168
1.598671  1.080074
0.963140  1.305395
0.166916  1.286221
-0.591487  0.960840
-1.155025  0.342844
-1.429525  -0.411362
-1.391783  -1.070076
-1.085751  -1.433907
-0.601682  -1.419090
-0.045036  -1.065298
0.486418  -0.489694
0.907680  0.166686
1.145413  0.766608
1.147992  1.199303
0.906071  1.370815
0.466583  1.210498
-0.072507  0.719700
-0.584446  0.033969
-0.942826  -0.620293
-1.051278  -1.047387
-0.873958  -1.169304
-0.460379  -1.028133
0.058443  -0.738721
0.517641  -0.381493
0.785845  0.046848
0.808156  0.538945
0.607846  0.996333
0.262146  1.254986
-0.130189  1.175116
-0.480417  0.727276
-0.728669  0.041179
-0.837367  -0.644090
-0.769346  -1.119389
-0.489520  -1.287822
-0.008757  -1.157001
0.574917  -0.774478
1.095501  -0.195456
1.388282  0.480076
1.349387  1.111488
0.958080  1.533490
0.279886  1.575925
-0.538927  1.160287
-1.299656  0.376522
-1.804117  -0.519659
-1.907816  -1.234826
-1.555613  -1.585978
-0.803105  -1.550663
0.180772  -1.211373
1.149507  -0.666255
1.853068  0.004870
2.115224  0.709180
1.878032  1.316264
1.208130  1.658927
0.277196  1.591377
-0.680336  1.071848
-1.431132  0.224257
-1.808830  -0.678304
-1.755423  -1.361084
-1.325833  -1.667663
-0.656689  -1.576022
0.086998  -1.126376
0.757693  -0.404599
1.240835  0.426133
1.450781  1.159945
1.336935  1.644786
0.908908  1.774503
0.257297  1.447966
-0.457232  0.676307
-1.046579  -0.319076
-1.346914  -1.202444
-1.264026  -1.701108
-0.809279  -1.699063
-0.110731  -1.253637
0.623266  -0.546544
1.177665  0.201996
1.398932  0.799808
1.231495  1.143714
0.725086  1.327814
0.016040  1.474317
-0.715263  1.301662
-1.292685  0.621030
-1.577729  -0.343294
-1.488012  -1.201979
-1.015741  -1.678180
-0.250202  -1.704157
0.619502  -1.382179
1.351524  -0.831213
1.738638  -0.105461
1.683818  0.696718
1.222774  1.361713
0.495804  1.656069
-0.305448  1.443194
-0.992876  0.787964
-1.423863  -0.046424
-1.525935  -0.761225
-1.304609  -1.172955
-0.833283  -1.263103
-0.228590  -1.095385
0.378975  -0.709871
0.872727  -0.126084
1.171505  0.561664
1.238114  1.173237
1.073958  1.513742
0.710634  1.453820
0.207177  0.985843
-0.349039  0.245078
-0.846730  -0.540042
-1.168744  -1.141846
-1.222457  -1.424914
-0.971196  -1.364568
-0.454546  -1.014950
0.209870  -0.464369
0.846204  0.176285
1.262625  0.787053
1.313013  1.230991
0.959603  1.381471
0.301651  1.163068
-0.453364  0.588392
-1.065012  -0.173132
-1.346921  -0.853133
-1.228213  -1.250794
-0.765205  -1.314540
-0.106516  -1.109891
0.561762  -0.726702
1.066609  -0.219716
1.287858  0.361361
1.184882  0.929766
0.800179  1.353291
0.235984  1.481129
-0.381251  1.214847
-0.928554  0.587509
-1.298934  -0.208883
-1.405924  -0.915734
-1.195625  -1.325517
-0.673296  -1.351217
0.071984  -1.029850
0.870155  -0.489461
1.509010  0.106451
1.798055  0.603885
1.635032  0.891539
1.045876  0.931763
0.178509  0.779299
-0.743973  0.596083
-1.488226  0.536343
-1.870998  0.422936
-1.800592  0.047936
-1.295733  -0.517596
-0.482890  -1.046489
0.430309  -1.336479
1.207586  -1.275229
1.652620  -0.840708
1.669592  -0.142916
1.289254  0.590003
0.648424  1.108551
-0.066829  1.233417
-0.685946  0.915292
-1.095791  0.306436
-1.248530  -0.325256
-1.149076  -0.754815
-0.840116  -0.907337
-0.390833  -0.847407
0.112613  -0.655548
0.577945  -0.327778
0.919340  0.150622
1.068302  0.706944
0.983579  1.195299
0.665821  1.439106
0.172759  1.301623
-0.380882  0.765028
-0.847832  -0.023077
-1.090966  -0.807685
-1.028929  -1.358248
-0.666638  -1.552648
-0.098383  -1.381831
0.516109  -0.908830
0.994962  -0.249329
1.188219  0.475742
1.029290  1.167859
0.563075  1.649716
-0.066469  1.702471
-0.668206  1.200895
-1.072472  0.255475
-1.184610  -0.763555
-1.001347  -1.481343
-0.591158  -1.716825
-0.059589  -1.523716
0.478892  -1.084413
0.916454  -0.522437
1.162346  0.141520
1.157413  0.869647
0.892541  1.506015
0.418696  1.822692
-0.162952  1.634597
-0.726205  0.940826
-1.146189  -0.011232
-1.321681  -0.882306
-1.198021  -1.430050
-0.789054  -1.571380
-0.184105  -1.331869
0.471625  -0.792145
1.017479  -0.096609
1.321748  0.567436
1.315961  1.025071
1.009690  1.185194
0.481749  1.084695
-0.145303  0.900260
-0.733076  0.693867
-1.150218  0.296581
-1.294787  -0.321996
-1.121325  -0.974008
-0.664145  -1.420796
-0.037870  -1.496091
0.593319  -1.136840
1.064367  -0.408390
1.254139  0.465275
1.114330  1.180861
0.680992  1.501010
0.067765  1.320541
-0.561848  0.679135
-1.039982  -0.179617
-1.243715  -0.916154
-1.128935  -1.298360
-0.736095  -1.292389
-0.169193  -0.996117
0.438983  -0.520196
0.958802  0.061067
1.282241  0.670358
1.330725  1.192683
1.065882  1.490970
0.510900  1.451596
-0.229266  1.028858
-0.973477  0.310691
-1.510232  -0.486506
-1.669596  -1.119654
-1.386038  -1.436518
-0.724079  -1.406212
0.138532  -1.085197
0.962126  -0.565324
1.518701  0.052219
1.665135  0.668301
1.384711  1.176040
0.779915  1.437082
0.028272  1.337188
-0.674105  0.860138
-1.163777  0.121422
-1.345254  -0.650836
-1.203121  -1.209029
-0.793447  -1.411513
-0.224897  -1.261719
0.363375  -0.858686
0.828640  -0.318209
1.059527  0.260099
1.010571  0.789059
0.715907  1.166686
0.271379  1.277613
-0.202529  1.056889
-0.596758  0.555824
-0.836497  -0.062681
-0.886444  -0.605324
-0.743403  -0.937742
-0.429667  -1.027888
0.003660  -0.924307
0.469905  -0.687305
0.854047  -0.339444
1.043668  0.103805
0.970205  0.587840
0.635115  1.023788
0.110122  1.276414
-0.480470  1.210454
-0.985920  0.785530
-1.262092  0.097328
-1.211873  -0.651943
-0.824618  -1.238700
-0.194349  -1.506427
0.501477  -1.387976
1.060688  -0.902004
1.327970  -0.179646
1.245676  0.566795
0.862086  1.143853
0.300686  1.483059
-0.287756  1.571892
-0.768752  1.302133
-1.051928  0.597195
-1.101166  -0.374876
-0.929477  -1.256092
-0.583775  -1.753876
-0.129619  -1.774767
0.355529  -1.385211
0.783766  -0.717740
1.063464  0.080540
1.116777  0.870282
0.905560  1.514077
0.456253  1.839829
-0.132320  1.690491
-0.710810  1.045145
-1.126326  0.106009
-1.271852  -0.797619
-1.113142  -1.398925
-0.686622  -1.604314
-0.083573  -1.464714
0.564459  -1.064301
1.103334  -0.448762
1.389216  0.328519
1.333370  1.114954
0.937420  1.670276
0.298621  1.782622
-0.417973  1.363917
-1.026977  0.494862
-1.372129  -0.531949
-1.365689  -1.353016
-1.011297  -1.743365
-0.405296  -1.667644
0.286745  -1.208272
0.876184  -0.486909
1.208988  0.353972
1.213836  1.150426
0.918402  1.715541
0.426976  1.851598
-0.125335  1.447828
-0.615228  0.602494
-0.951332  -0.378572
-1.073867  -1.159541
-0.953318  -1.542618
-0.601348  -1.516620
-0.084672  -1.202763
0.477799  -0.735609
0.942322  -0.181772
1.181761  0.431557
1.123576  1.028794
0.771957  1.444868
0.208769  1.503011
-0.427447  1.135487
-0.978650  0.434896
-1.308234  -0.379865
-1.333652  -1.058743
-1.044182  -1.430806
-0.501826  -1.438665
0.173991  -1.101085
0.833901  -0.487856
1.330431  0.252043
1.546690  0.922291
1.420028  1.363410
0.960564  1.488187
0.258675  1.258332
-0.527338  0.705650
-1.206476  -0.041964
-1.606381  -0.774276
-1.624094  -1.279234
-1.255986  -1.429593
-0.596555  -1.220076
0.189567  -0.740977
0.911484  -0.145460
1.400053  0.412130
1.547842  0.844044
1.331820  1.146607
0.815406  1.269933
0.129995  1.104431
-0.560407  0.618437
-1.100043  -0.063476
-1.373567  -0.720128
-1.324248  -1.154726
-0.962062  -1.280846
-0.364345  -1.128198
0.333158  -0.779439
0.958734  -0.309642
1.343681  0.226642
1.372784  0.755250
1.026966  1.144695
0.395170  1.262711
-0.352348  1.041218
-1.016517  0.514705
-1.424780  -0.166853
-1.471125  -0.774710
-1.136472  -1.129737
-0.493461  -1.176805
0.304913  -0.952559
1.058608  -0.524119
1.572807  0.029806
1.711647  0.606457
1.433879  1.097423
0.801525  1.380377
-0.037145  1.336248
-0.883537  0.925606
-1.534432  0.240313
-1.829217  -0.506195
-1.691263  -1.086901
-1.153237  -1.363479
-0.353821  -1.321086
0.500746  -1.028920
1.200269  -0.574034
1.591839  -0.027808
1.611432  0.546866
1.281212  1.043624
0.690395  1.318724
-0.023755  1.257945
-0.696844  0.825615
-1.170718  0.137395
-1.337090  -0.563096
-1.172347  -1.058350
-0.743472  -1.268348
-0.181049  -1.212610
0.365173  -0.914421
0.766372  -0.389620
0.939647  0.287463
0.860310  0.964458
0.565246  1.450524
0.145327  1.583533
-0.277288  1.277332
-0.585222  0.580863
-0.702412  -0.289850
-0.613959  -1.045063
-0.362132  -1.458930
-0.024602  -1.440251
0.312887  -1.047625
0.577391  -0.441406
0.717816  0.190690
0.706096  0.683945
0.535832  0.936737
0.220451  0.942647
-0.204159  0.840333
-0.668496  0.857735
-1.061196  0.795319
-1.246354  0.362483
-1.114077  -0.351980
-0.641283  -1.055096
0.076114  -1.503113
0.844534  -1.577477
1.440266  -1.247128
1.689937  -0.555658
1.526261  0.317554
0.997954  1.079287
0.238804  1.467865
-0.579423  1.348546
-1.285596  0.781331
-1.733029  0.014457
-1.819130  -0.664806
-1.508502  -1.073799
-0.851773  -1.161711
0.013748  -0.948577
0.889029  -0.469476
1.562383  0.178977
1.869818  0.819085
1.742862  1.285612
1.223725  1.476254
0.446630  1.320019
-0.400977  0.808865
-1.122489  0.064896
-1.552744  -0.691103
-1.592683  -1.247290
-1.236257  -1.481099
-0.581441  -1.373194
0.186896  -0.972201
0.847040  -0.367767
1.211576  0.317307
1.191946  0.928569
0.826307  1.297701
0.258645  1.296812
-0.317613  0.896921
-0.726353  0.215805
-0.863356  -0.494413
-0.722462  -0.985755
-0.386074  -1.141669
0.014987  -1.009190
0.356070  -0.731883
0.563807  -0.395922
0.628497  0.009099
0.578676  0.474960
0.441584  0.911694
0.224421  1.183974
-0.070843  1.168941
-0.418696  0.832220
-0.755141  0.260134
-0.987202  -0.363184
-1.020533  -0.841712
-0.793868  -1.055025
-0.309109  -0.972509
0.352678  -0.652275
1.036114  -0.213263
1.542104  0.216199
1.685374  0.533851
1.366961  0.684184
0.631069  0.670073
-0.329601  0.563759
-1.233718  0.500769
-1.811575  0.452738
-1.898365  0.234263
-1.483460  -0.186209
-0.704277  -0.666903
0.207098  -1.022556
1.002878  -1.116328
1.493876  -0.907399
1.594242  -0.443420
1.328524  0.148808
0.806046  0.674311
0.174913  0.963701
-0.424965  0.932471
-0.890887  0.593807
-1.163148  0.081065
-1.216219  -0.408273
-1.048000  -0.723392
-0.677562  -0.812702
-0.154271  -0.693932
0.431761  -0.408619
0.954067  -0.004764
1.276154  0.447036
1.292299  0.851431
0.966984  1.103925
0.357657  1.118335
-0.388317  0.851766
-1.065172  0.339113
-1.465400  -0.291212
-1.447984  -0.859987
-0.993105  -1.218150
-0.218065  -1.291662
0.655171  -1.075727
1.369266  -0.621455
1.712052  -0.018089
1.580591  0.634264
1.009304  1.183636
0.156167  1.451681
-0.746537  1.326534
-1.461116  0.781999
-1.811050  -0.050246
-1.723770  -0.858873
-1.238372  -1.362127
-0.482097  -1.454627
0.369355  -1.209440
1.131673  -0.775800
1.645109  -0.251114
1.802579  0.334134
1.572073  0.920499
1.006358  1.362409
0.233538  1.485080
-0.572128  1.188675
-1.232587  0.545668
-1.608286  -0.208736
-1.627596  -0.828762
-1.298948  -1.175716
-0.706991  -1.230067
0.005982  -1.028171
0.672213  -0.611340
1.140631  -0.055981
1.318442  0.505038
1.193993  0.957193
0.828866  1.263493
0.327805  1.333732
-0.193332  1.027745
-0.629834  0.360079
-0.901054  -0.453803
-0.957965  -1.142540
-0.788979  -1.514049
-0.425451  -1.483596
0.056435  -1.068437
0.542810  -0.366989
0.901097  0.456217
1.012048  1.175373
0.812004  1.562056
0.329200  1.487046
-0.310282  0.954678
-0.916725  0.118810
-1.296738  -0.725953
-1.315040  -1.299245
-0.938991  -1.474542
-0.253401  -1.279540
0.559950  -0.819830
1.273902  -0.210328
1.683630  0.439568
1.667853  1.014904
1.222536  1.391937
0.457750  1.455308
-0.437222  1.156840
-1.245860  0.558479
-1.777093  -0.174844
-1.907343  -0.829569
-1.606429  -1.238712
-0.943988  -1.334248
-0.073990  -1.133940
0.801609  -0.697589
1.483539  -0.123395
1.827007  0.471538
1.776301  0.972035
1.367782  1.259733
0.704301  1.240368
-0.077437  0.899258
-0.828090  0.308495
-1.399642  -0.370523
-1.667761  -0.932730
-1.564236  -1.223341
-1.104346  -1.194501
-0.393407  -0.889435
0.393610  -0.409587
1.055568  0.128863
1.420102  0.616948
1.394606  0.959860
0.997309  1.080232
0.354180  0.936122
-0.342714  0.553944
-0.900165  0.044592
-1.181948  -0.431848
-1.136153  -0.745917
-0.791480  -0.851434
-0.239794  -0.776494
0.382814  -0.585913
0.919823  -0.329406
1.228864  -0.012508
1.220989  0.360131
0.888957  0.724649
0.311347  0.964511
-0.369517  0.965648
-0.985898  0.684458
-1.385587  0.181546
-1.466889  -0.387909
-1.203238  -0.853255
-0.652134  -1.100925
0.056951  -1.082475
0.756824  -0.799702
1.291366  -0.305506
1.558226  0.292071
1.521892  0.850195
1.196566  1.242753
0.627126  1.360155
-0.107173  1.127377
-0.876376  0.556478
-1.504665  -0.209704
-1.815705  -0.928894
-1.700909  -1.381400
-1.169699  -1.469715
-0.351934  -1.218389
0.545137  -0.714418
1.300133  -0.072040
1.734955  0.587322
1.752168  1.144889
1.350502  1.470629
0.623071  1.447405
-0.258194  1.032888
-1.073211  0.318594
-1.602806  -0.467460
-1.692653  -1.083893
-1.312222  -1.395082
-0.577109  -1.378721
0.285501  -1.076456
1.017079  -0.544239
1.416654  0.139880
1.399962  0.843606
1.010549  1.374986
0.388616  1.566119
-0.283036  1.332085
-0.834468  0.688189
-1.147786  -0.186757
-1.171773  -0.989853
-0.917274  -1.471595
-0.445734  -1.534967
0.142046  -1.210803
0.718059  -0.607822
1.145116  0.120617
1.306222  0.822179
1.141664  1.380129
0.674770  1.648403
0.009824  1.481737
-0.694374  0.860831
-1.263720  -0.020637
-1.551986  -0.848283
-1.475052  -1.366378
-1.027580  -1.482271
-0.289072  -1.260161
0.577823  -0.842777
1.351540  -0.348717
1.808227  0.184368
1.797314  0.725157
1.304520  1.165775
0.466614  1.342857
-0.476006  1.142359
-1.263757  0.596280
-1.698998  -0.102363
-1.698205  -0.717063
-1.302694  -1.091483
-0.647426  -1.190711
0.092043  -1.038959
0.748710  -0.660552
1.198291  -0.098706
1.375696  0.539867
1.273121  1.090047
0.928299  1.380602
0.413783  1.307021
-0.171359  0.875755
-0.711114  0.203198
-1.088255  -0.510138
-1.211810  -1.061776
-1.049756  -1.317410
-0.645810  -1.235953
-0.107042  -0.862817
0.430475  -0.319648
0.841267  0.242754
1.039553  0.710935
0.990365  1.070434
0.709409  1.278663
0.260346  1.196766
-0.254446  0.752262
-0.714989  0.039339
-1.009881  -0.703264
-1.059177  -1.236386
-0.832777  -1.435577
-0.362614  -1.296542
0.253979  -0.889022
0.861729  -0.306625
1.275895  0.344789
1.340551  0.934896
0.997360  1.324670
0.323846  1.403893
-0.485570  1.123045
-1.189875  0.516930
-1.587772  -0.243828
-1.575085  -0.906948
-1.155733  -1.278328
-0.426036  -1.288979
0.446948  -0.979989
1.253676  -0.449780
1.783502  0.160835
1.879709  0.696817
1.496709  1.052481
0.729515  1.239050
-0.210915  1.255444
-1.068192  0.982784
-1.623808  0.390534
-1.762197  -0.358381
-1.494860  -1.015124
-0.937137  -1.392519
-0.256028  -1.427367
0.385517  -1.156679
0.872343  -0.665277
1.156363  -0.041477
1.243328  0.611776
1.157926  1.131838
0.913095  1.353515
0.507816  1.183763
-0.040025  0.654687
-0.651435  -0.039758
-1.179226  -0.642005
-1.454234  -0.978665
-1.358441  -1.027184
-0.882888  -0.895389
-0.143109  -0.672255
0.652505  -0.332125
1.267323  0.154694
1.511421  0.704447
1.303466  1.148252
0.698330  1.322968
-0.129081  1.133313
-0.934601  0.606911
-1.473570  -0.096294
-1.572889  -0.753462
-1.187359  -1.180378
-0.419018  -1.270446
0.509925  -1.016433
